arsen@arsenij-hpelitebook830g5:~/Documents/CODE/duptool/target/release$ pidstat -t -p $(pgrep duptool) 1
Linux 6.14.0-37-generic (arsenij-hpelitebook830g5)      05.02.26        _x86_64_        (8 CPU)

01:58:28      UID      TGID       TID    %usr %system  %guest   %wait    %CPU   CPU  Command
01:58:29     1000     50318         -   11,00    2,00    0,00    0,00   13,00     7  duptool
01:58:29     1000         -     50318    0,00    0,00    0,00    0,00    0,00     7  |__duptool
01:58:29     1000         -     50319    0,00    0,00    0,00    0,00    0,00     1  |__duptool
01:58:29     1000         -     50320    0,00    0,00    0,00    0,00    0,00     0  |__duptool
01:58:29     1000         -     50321   10,00    2,00    0,00    0,00   12,00     2  |__duptool
01:58:29     1000         -     50322    1,00    0,00    0,00    0,00    1,00     1  |__duptool
01:58:29     1000         -     50323    1,00    0,00    0,00    0,00    1,00     0  |__duptool
01:58:30     1000     50318         -   18,00    4,00    0,00    0,00   22,00     7  duptool
01:58:30     1000         -     50318    0,00    0,00    0,00    0,00    0,00     7  |__duptool
01:58:30     1000         -     50319    0,00    0,00    0,00    0,00    0,00     1  |__duptool
01:58:30     1000         -     50320    1,00    1,00    0,00    0,00    2,00     0  |__duptool
01:58:30     1000         -     50321   13,00    4,00    0,00    0,00   17,00     2  |__duptool
01:58:30     1000         -     50322    2,00    0,00    0,00    0,00    2,00     1  |__duptool
01:58:30     1000         -     50323    1,00    0,00    0,00    0,00    1,00     0  |__duptool
01:58:31     1000     50318         -   20,00    5,00    0,00    0,00   25,00     7  duptool
01:58:31     1000         -     50318    0,00    0,00    0,00    0,00    0,00     7  |__duptool
01:58:31     1000         -     50319    0,00    0,00    0,00    0,00    0,00     1  |__duptool
01:58:31     1000         -     50320    4,00    0,00    0,00    0,00    4,00     1  |__duptool
01:58:31     1000         -     50321    7,00    2,00    0,00    0,00    9,00     2  |__duptool
01:58:31     1000         -     50322    4,00    2,00    0,00    0,00    6,00     4  |__duptool
01:58:31     1000         -     50323    4,00    0,00    0,00    0,00    4,00     0  |__duptool
01:58:32     1000     50318         -   21,00    6,00    0,00    0,00   27,00     7  duptool
01:58:32     1000         -     50318    0,00    0,00    0,00    0,00    0,00     7  |__duptool
01:58:32     1000         -     50319    0,00    0,00    0,00    0,00    0,00     1  |__duptool
01:58:32     1000         -     50320    3,00    1,00    0,00    0,00    4,00     1  |__duptool
01:58:32     1000         -     50321    7,00    1,00    0,00    0,00    8,00     2  |__duptool
01:58:32     1000         -     50322    5,00    2,00    0,00    0,00    7,00     1  |__duptool
01:58:32     1000         -     50323    8,00    2,00    0,00    0,00   10,00     7  |__duptool
01:58:33     1000     50318         -   17,00    5,00    0,00    0,00   22,00     7  duptool
01:58:33     1000         -     50318    0,00    0,00    0,00    0,00    0,00     7  |__duptool
01:58:33     1000         -     50319    0,00    0,00    0,00    0,00    0,00     1  |__duptool
01:58:33     1000         -     50320    4,00    1,00    0,00    0,00    5,00     2  |__duptool
01:58:33     1000         -     50321    1,00    0,00    0,00    0,00    1,00     2  |__duptool
01:58:33     1000         -     50322    8,00    2,00    0,00    0,00   10,00     1  |__duptool
01:58:33     1000         -     50323    3,00    1,00    0,00    0,00    4,00     7  |__duptool
01:58:34     1000     50318         -   20,00    4,00    0,00    0,00   24,00     7  duptool
01:58:34     1000         -     50318    0,00    0,00    0,00    0,00    0,00     7  |__duptool
01:58:34     1000         -     50319    0,00    0,00    0,00    0,00    0,00     1  |__duptool
01:58:34     1000         -     50320    3,00    1,00    0,00    0,00    4,00     1  |__duptool
01:58:34     1000         -     50321    5,00    1,00    0,00    0,00    6,00     2  |__duptool
01:58:34     1000         -     50322    7,00    2,00    0,00    0,00    9,00     0  |__duptool
01:58:34     1000         -     50323    6,00    2,00    0,00    0,00    8,00     7  |__duptool
01:58:35     1000     50318         -   17,00    6,00    0,00    0,00   23,00     7  duptool
01:58:35     1000         -     50318    0,00    0,00    0,00    0,00    0,00     7  |__duptool
01:58:35     1000         -     50319    0,00    0,00    0,00    0,00    0,00     1  |__duptool
01:58:35     1000         -     50320    4,00    1,00    0,00    0,00    5,00     1  |__duptool
01:58:35     1000         -     50321    4,00    2,00    0,00    0,00    6,00     2  |__duptool
01:58:35     1000         -     50322    4,00    1,00    0,00    0,00    5,00     0  |__duptool
01:58:35     1000         -     50323    4,00    1,00    0,00    0,00    5,00     7  |__duptool
01:58:36     1000     50318         -   25,00    5,00    0,00    0,00   30,00     7  duptool
01:58:36     1000         -     50318    0,00    0,00    0,00    0,00    0,00     7  |__duptool
01:58:36     1000         -     50319    0,00    0,00    0,00    0,00    0,00     1  |__duptool
01:58:36     1000         -     50320    1,00    0,00    0,00    0,00    1,00     0  |__duptool
01:58:36     1000         -     50321    8,00    2,00    0,00    0,00   10,00     2  |__duptool
01:58:36     1000         -     50322    5,00    1,00    0,00    0,00    6,00     0  |__duptool
01:58:36     1000         -     50323   10,00    2,00    0,00    0,00   12,00     7  |__duptool
01:58:37     1000     50318         -   17,00    4,00    0,00    0,00   21,00     7  duptool
01:58:37     1000         -     50318    0,00    0,00    0,00    0,00    0,00     7  |__duptool
01:58:37     1000         -     50319    0,00    0,00    0,00    0,00    0,00     1  |__duptool
01:58:37     1000         -     50320    2,00    1,00    0,00    0,00    3,00     0  |__duptool
01:58:37     1000         -     50321    3,00    0,00    0,00    0,00    3,00     2  |__duptool
01:58:37     1000         -     50322    9,00    2,00    0,00    0,00   11,00     5  |__duptool
01:58:37     1000         -     50323    4,00    1,00    0,00    0,00    5,00     1  |__duptool
01:58:38     1000     50318         -   16,00    4,00    0,00    0,00   20,00     7  duptool
01:58:38     1000         -     50318    0,00    0,00    0,00    0,00    0,00     7  |__duptool
01:58:38     1000         -     50319    0,00    0,00    0,00    0,00    0,00     1  |__duptool
01:58:38     1000         -     50320    6,00    2,00    0,00    0,00    8,00     4  |__duptool
01:58:38     1000         -     50321    4,00    1,00    0,00    0,00    5,00     2  |__duptool
01:58:38     1000         -     50322    3,00    1,00    0,00    0,00    4,00     1  |__duptool
01:58:38     1000         -     50323    3,00    0,00    0,00    0,00    3,00     1  |__duptool
01:58:39     1000     50318         -   43,00   11,00    0,00    0,00   54,00     7  duptool
01:58:39     1000         -     50318    0,00    0,00    0,00    0,00    0,00     7  |__duptool
01:58:39     1000         -     50319    0,00    0,00    0,00    0,00    0,00     1  |__duptool
01:58:39     1000         -     50320    5,00    1,00    0,00    0,00    6,00     4  |__duptool
01:58:39     1000         -     50321    4,00    1,00    0,00    0,00    5,00     0  |__duptool
01:58:39     1000         -     50322   32,00    8,00    0,00    0,00   40,00     1  |__duptool
01:58:39     1000         -     50323    3,00    1,00    0,00    0,00    4,00     2  |__duptool
01:58:40     1000     50318         -   48,00   11,00    0,00    0,00   59,00     7  duptool
01:58:40     1000         -     50318    0,00    0,00    0,00    0,00    0,00     7  |__duptool
01:58:40     1000         -     50319    0,00    0,00    0,00    0,00    0,00     1  |__duptool
01:58:40     1000         -     50320    3,00    1,00    0,00    0,00    4,00     2  |__duptool
01:58:40     1000         -     50321    6,00    2,00    0,00    0,00    8,00     6  |__duptool
01:58:40     1000         -     50322   32,00    7,00    0,00    0,00   39,00     1  |__duptool
01:58:40     1000         -     50323    6,00    2,00    0,00    0,00    8,00     2  |__duptool
01:58:41     1000     50318         -   29,00    7,00    0,00    0,00   36,00     7  duptool
01:58:41     1000         -     50318    0,00    0,00    0,00    0,00    0,00     7  |__duptool
01:58:41     1000         -     50319    0,00    0,00    0,00    0,00    0,00     1  |__duptool
01:58:41     1000         -     50320    2,00    1,00    0,00    0,00    3,00     3  |__duptool
01:58:41     1000         -     50321    7,00    1,00    0,00    0,00    8,00     6  |__duptool
01:58:41     1000         -     50322    3,00    0,00    0,00    0,00    3,00     0  |__duptool
01:58:41     1000         -     50323   18,00    4,00    0,00    0,00   22,00     1  |__duptool
01:58:42     1000     50318         -   51,00   12,00    0,00    0,00   63,00     7  duptool
01:58:42     1000         -     50318    0,00    0,00    0,00    0,00    0,00     7  |__duptool
01:58:42     1000         -     50319    0,00    0,00    0,00    0,00    0,00     1  |__duptool
01:58:42     1000         -     50320    6,00    1,00    0,00    0,00    7,00     0  |__duptool
01:58:42     1000         -     50321   38,00   10,00    0,00    0,00   48,00     6  |__duptool
01:58:42     1000         -     50322    5,00    1,00    0,00    0,00    6,00     1  |__duptool
01:58:42     1000         -     50323    2,00    0,00    0,00    0,00    2,00     2  |__duptool
01:58:43     1000     50318         -   42,00   10,00    0,00    0,00   52,00     7  duptool
01:58:43     1000         -     50318    0,00    0,00    0,00    0,00    0,00     7  |__duptool
01:58:43     1000         -     50319    0,00    0,00    0,00    0,00    0,00     1  |__duptool
01:58:43     1000         -     50320   13,00    3,00    0,00    0,00   16,00     2  |__duptool
01:58:43     1000         -     50321   22,00    5,00    0,00    0,00   27,00     5  |__duptool
01:58:43     1000         -     50322    2,00    1,00    0,00    0,00    3,00     2  |__duptool
01:58:43     1000         -     50323    3,00    1,00    0,00    0,00    4,00     1  |__duptool
01:58:44     1000     50318         -   10,00    3,00    0,00    0,00   13,00     7  duptool
01:58:44     1000         -     50318    0,00    0,00    0,00    0,00    0,00     7  |__duptool
01:58:44     1000         -     50319    0,00    0,00    0,00    0,00    0,00     1  |__duptool
01:58:44     1000         -     50320    1,00    0,00    0,00    0,00    1,00     2  |__duptool
01:58:44     1000         -     50321    3,00    1,00    0,00    0,00    4,00     0  |__duptool
01:58:44     1000         -     50322    5,00    2,00    0,00    0,00    7,00     6  |__duptool
01:58:44     1000         -     50323    3,00    1,00    0,00    0,00    4,00     1  |__duptool
01:58:45     1000     50318         -   16,00    3,00    0,00    0,00   19,00     7  duptool
01:58:45     1000         -     50318    0,00    0,00    0,00    0,00    0,00     7  |__duptool
01:58:45     1000         -     50319    0,00    0,00    0,00    0,00    0,00     1  |__duptool
01:58:45     1000         -     50320    0,00    0,00    0,00    0,00    0,00     2  |__duptool
01:58:45     1000         -     50321    0,00    0,00    0,00    0,00    0,00     0  |__duptool
01:58:45     1000         -     50322   17,00    3,00    0,00    0,00   20,00     1  |__duptool
01:58:45     1000         -     50323    0,00    0,00    0,00    0,00    0,00     1  |__duptool
01:58:46     1000     50318         -   15,00    4,00    0,00    0,00   19,00     7  duptool
01:58:46     1000         -     50318    0,00    0,00    0,00    0,00    0,00     7  |__duptool
01:58:46     1000         -     50319    0,00    0,00    0,00    0,00    0,00     1  |__duptool
01:58:46     1000         -     50320    0,00    0,00    0,00    0,00    0,00     2  |__duptool
01:58:46     1000         -     50321    0,00    0,00    0,00    0,00    0,00     0  |__duptool
01:58:46     1000         -     50322   12,00    2,00    0,00    0,00   14,00     1  |__duptool
01:58:46     1000         -     50323    1,00    0,00    0,00    0,00    1,00     1  |__duptool
01:58:47     1000     50318         -   16,00    4,00    0,00    0,00   20,00     7  duptool
01:58:47     1000         -     50318    0,00    0,00    0,00    0,00    0,00     7  |__duptool
01:58:47     1000         -     50319    0,00    0,00    0,00    0,00    0,00     1  |__duptool
01:58:47     1000         -     50320    1,00    0,00    0,00    0,00    1,00     2  |__duptool
01:58:47     1000         -     50321    1,00    0,00    0,00    0,00    1,00     0  |__duptool
01:58:47     1000         -     50322   15,00    4,00    0,00    0,00   19,00     1  |__duptool
01:58:47     1000         -     50323    0,00    0,00    0,00    0,00    0,00     1  |__duptool
01:58:48     1000     50318         -   10,00    3,00    0,00    0,00   13,00     7  duptool
01:58:48     1000         -     50318    0,00    0,00    0,00    0,00    0,00     7  |__duptool
01:58:48     1000         -     50319    0,00    0,00    0,00    0,00    0,00     1  |__duptool
01:58:48     1000         -     50320    2,00    1,00    0,00    0,00    3,00     2  |__duptool
01:58:48     1000         -     50321    1,00    1,00    0,00    0,00    2,00     0  |__duptool
01:58:48     1000         -     50322    3,00    1,00    0,00    0,00    4,00     4  |__duptool
01:58:48     1000         -     50323    3,00    1,00    0,00    0,00    4,00     2  |__duptool
^C
Середнє:  1000     50318         -   23,10    5,65    0,00    0,00   28,75     -  duptool
Середнє:  1000         -     50318    0,00    0,00    0,00    0,00    0,00     -  |__duptool
Середнє:  1000         -     50319    0,00    0,00    0,00    0,00    0,00     -  |__duptool
Середнє:  1000         -     50320    3,05    0,80    0,00    0,00    3,85     -  |__duptool
Середнє:  1000         -     50321    7,20    1,80    0,00    0,00    9,00     -  |__duptool
Середнє:  1000         -     50322    8,70    2,10    0,00    0,00   10,80     -  |__duptool
Середнє:  1000         -     50323    4,15    0,95    0,00    0,00    5,10     -  |__duptool
arsen@arsenij-hpelitebook830g5:~/Documents/CODE/duptool/target/release$ 
